# cosmo.tau cosmo.ALens calPlanck cosmo.logA cosmo.ombh2 cosmo.H0 cosmo.omch2 cosmo.ns
4.063264555509607089e-04 -1.624090402601897096e-04 1.021862198875024341e-08 7.795545184200159110e-04 2.122525580072352756e-06 9.358676582129698412e-03 -1.659741998190848356e-05 7.666730946163194144e-05
-1.624090402601896554e-04 2.806169180040284927e-01 -5.388933045239392196e-05 -1.781362084755472915e-03 1.266314483652868073e-04 5.358570489347824761e-01 -8.065177168634895524e-04 3.086006385885140327e-03
1.021862198875020536e-08 -5.388933045239390163e-05 6.264218498947318330e-06 -1.047967265877369041e-05 -1.436347773064530135e-07 -6.462746426747976699e-04 1.085313875371441573e-06 -4.664418737812270151e-06
7.795545184200159110e-04 -1.781362084755472915e-03 -1.047967265877369041e-05 1.575858902621615548e-03 2.099827593037731328e-06 4.874583468166189017e-03 -8.054769355207785922e-06 8.119149346437425064e-05
2.122525580072352756e-06 1.266314483652868073e-04 -1.436347773064530135e-07 2.099827593037731328e-06 2.496042117761900106e-07 9.262469264473064930e-04 -1.443831427857026898e-06 6.125984490327563465e-06
9.358676582129698412e-03 5.358570489347824761e-01 -6.462746426747976699e-04 4.874583468166189017e-03 9.262469264473064930e-04 4.621686507678846034e+00 -7.560292007559241134e-03 2.648384741346123533e-02
-1.659741998190848356e-05 -8.065177168634895524e-04 1.085313875371441573e-06 -8.054769355207785922e-06 -1.443831427857026898e-06 -7.560292007559241134e-03 1.319128205982569582e-05 -4.454865585753972634e-05
7.666730946163194144e-05 3.086006385885140327e-03 -4.664418737812270151e-06 8.119149346437425064e-05 6.125984490327563465e-06 2.648384741346123533e-02 -4.454865585753972634e-05 1.928527295226525494e-04
