# cosmo.tau cosmo.ALens calPlanck cosmo.logA cosmo.ombh2 cosmo.H0 cosmo.omch2 cosmo.ns
3.987803874431229949e-04 -4.838189132280557394e-04 1.077117486081356203e-07 7.659217696017671080e-04 1.735237814927163829e-06 8.271036534879136481e-03 -1.500574766861864648e-05 6.527045087057252936e-05
-4.838189132280557394e-04 4.370498482016627051e-02 -1.198317030017540034e-05 -1.238690964573939575e-03 4.452450935172589969e-05 1.529014603609016587e-01 -2.233424235127063945e-04 9.977900499994630384e-04
1.077117486081356203e-07 -1.198317030017540034e-05 6.241310115975305309e-06 -1.019589045538043285e-05 -1.226806483553161390e-07 -5.687964748952947401e-04 1.033832377208887623e-06 -3.977811656070849423e-06
7.659217696017671080e-04 -1.238690964573939575e-03 -1.019589045538043285e-05 1.539488310207320866e-03 1.585533551774116276e-06 5.759514570975732273e-03 -8.444429370141797990e-06 6.243960484617993960e-05
1.735237814927163829e-06 4.452450935172589969e-05 -1.226806483553161390e-07 1.585533551774116276e-06 2.068550097966622682e-07 7.611181827295527072e-04 -1.243059946987420166e-06 5.029034326017449564e-06
8.271036534879136481e-03 1.529014603609016587e-01 -5.687964748952947401e-04 5.759514570975732273e-03 7.611181827295527072e-04 3.524460662506202269e+00 -6.257060633926584022e-03 2.265397263152810550e-02
-1.500574766861864648e-05 -2.233424235127063945e-04 1.033832377208887623e-06 -8.444429370141797990e-06 -1.243059946987420166e-06 -6.257060633926584022e-03 1.173932725930721745e-05 -3.994014024933006718e-05
6.527045087057252936e-05 9.977900499994630384e-04 -3.977811656070849423e-06 6.243960484617993960e-05 5.029034326017449564e-06 2.265397263152810550e-02 -3.994014024933006718e-05 1.636278677565670254e-04
