# cosmo.tau cosmo.ALens calPlanck cosmo.logA cosmo.ombh2 cosmo.H0 cosmo.omch2 cosmo.ns
3.849175240732743346e-04 -6.116022789010662399e-04 2.213119700124801177e-07 7.500027858886239730e-04 7.617078419158484577e-07 3.730939831041900183e-03 -7.416466756809104673e-06 3.246152159572014706e-05
-6.116022789010662399e-04 2.175802590717337490e-02 -7.386705014318525595e-06 -1.472040661840263347e-03 2.495620115246048520e-05 8.546565072902070903e-02 -1.491647154945604332e-04 5.187288738777855483e-04
2.213119700124801177e-07 -7.386705014318525595e-06 6.114131916622683339e-06 -1.046843461261256003e-05 -6.466458631811571449e-08 -3.050353276432309015e-04 5.942538871506362160e-07 -2.034227925962472436e-06
7.500027858886239730e-04 -1.472040661840263347e-03 -1.046843461261256003e-05 1.520116804760032877e-03 5.044399903500527761e-07 7.699810443803300174e-04 -1.568036589168791344e-07 2.684612862363519053e-05
7.617078419158484577e-07 2.495620115246048520e-05 -6.466458631811571449e-08 5.044399903500527761e-07 1.229292472532983980e-07 3.836369908252838779e-04 -6.340322237768014065e-07 2.316414696194713726e-06
3.730939831041900183e-03 8.546565072902070903e-02 -3.050353276432309015e-04 7.699810443803300174e-04 3.836369908252838779e-04 1.807717944534451782e+00 -3.464930964573999413e-03 1.026578362647115328e-02
-7.416466756809104673e-06 -1.491647154945604332e-04 5.942538871506362160e-07 -1.568036589168791344e-07 -6.340322237768014065e-07 -3.464930964573999413e-03 7.145463389836144014e-06 -1.963280558658321779e-05
3.246152159572014706e-05 5.187288738777855483e-04 -2.034227925962472436e-06 2.684612862363519053e-05 2.316414696194713726e-06 1.026578362647115328e-02 -1.963280558658321779e-05 7.374225823675370354e-05
